0.03890361637
0.1803402989
0.6694748672
0.6715155044
0.6379436646
0.703462291
0.9476600876
0.6143998844
0.5564462803
0.5388526893
0.6293621073
0.6763918982
0.3281224202
0.5280589829
0.09737101477
0.919074588
0.7068444788
0.4487019642
0.1854122626
0.8460247093
0.3630574215
0.1889142054
0.1450656122
0.68760277
0.004018042237
0.36904416
0.6146372044
0.1486336947
0.1991123464
0.06687588943
0.121234755
0.5252281134
0.6915010586
0.8026144146
0.1472958745
0.5969942757
0.4773432557
0.4398866924
0.2928195139
0.20089059
0.433848124
0.1590082175
0.5645505348
0.8929687873
0.7774048429
0.1587652485
0.3233674048
0.6042577107
0.1330405921
0.2429626598
0.9211230176
0.697037729
0.4964566845
0.9479874182
0.5581886386
0.3277557758
0.8698928244
0.3676376841
0.3929509753
0.5228310139
0.8530694898
0.3314675386
0.4345123721
0.8736011242
0.9704584405
0.0928973346
0.2498441311
0.2566592195
0.01613135077
0.1833396736
0.01664295699
0.4858313841
0.1974365674
0.5885910071
0.9531405279
0.3020448373
0.3587539922
0.9037388633
0.6561161904
0.6073367228
0.06657809019
0.6228346988
0.3783627795
0.3492535227
0.8371790219
0.2195823747
0.7768555647
0.9618910966
0.2880919017
0.1752922586
0.1628743196
0.7698253454
0.4946841802
0.6103509511
0.7853285177
0.2611835008
0.3330511525
0.6754566371
0.1785356523
0.6361060389
